Loading model from /home/hshadab/verifiablex402/training-data/tx_integrity_model.pt
W1: (36, 24) (864 params)
B1: (36,) (36 params)
W2: (36, 36) (1296 params)
B2: (36,) (36 params)
W3: (5, 36) (180 params)
B3: (5,) (5 params)
Total: 2417 params

// ===== Paste the following into src/models/tx_integrity.rs =====

/// Layer 1 weights: [36 hidden neurons, 24 input features]
const W1: &[i32] = &[
    // Neuron 0
    2, 29, 43, 33, 30, 8, -7, -13, 0, -8, -11, -18, -19, 37, 0, 13, 29, -9, -7, -18, 38, -9, 35, 0,
    // Neuron 1
    -8, 17, 39, 1, 21, 39, 6, 6, -6, -31, -33, 24, -4, -22, 16, 14, -13, 38, 35, 25, 10, 33, 2, 27,
    // Neuron 2
    4, -36, -2, -6, 23, 7, 35, 39, 35, -3, 42, 21, 31, 29, 36, 22, 15, 19, -6, 5, -25, -5, 35, -31,
    // Neuron 3
    -15, -31, -10, 19, 15, -17, 6, 8, 30, 6, 18, 45, -4, -23, 18, 10, -38, 1, 33, 1, -3, 16, -10, 22,
    // Neuron 4
    41, -2, 11, -7, -3, 7, 33, -22, 24, 26, -13, -30, -43, -5, 19, 6, 43, 31, 11, -40, -21, -9, 9, 34,
    // Neuron 5
    28, -36, -30, -7, -25, -22, 22, -25, 18, 44, 20, 14, -1, 1, 9, 27, 32, 0, 41, -19, -13, 29, 5, -8,
    // Neuron 6
    -11, 29, 23, -5, 26, 30, 35, -15, -7, -32, -21, 16, 0, 4, -17, 10, 20, 38, -2, 22, 39, 25, -10, -4,
    // Neuron 7
    8, -15, -16, -10, -16, 15, 7, 15, -6, -24, -21, -22, 2, 4, -7, 8, -1, -24, 11, 8, -9, -10, -14, -18,
    // Neuron 8
    23, -33, 0, 3, -15, -11, 3, 6, 17, 17, 41, -34, 1, 27, 20, 40, 19, -3, 1, -7, -29, -1, 29, -21,
    // Neuron 9
    -3, -3, 40, -9, 26, 14, 21, -12, -10, -31, -13, 5, -18, -22, 0, -27, 0, 11, 33, -8, 37, 6, 31, 9,
    // Neuron 10
    -12, -1, -11, -23, 17, 10, 0, 24, 7, -6, -2, 16, 34, -35, 0, -4, -25, 38, 16, 28, 30, 10, -20, -32,
    // Neuron 11
    26, -1, 30, 30, 0, 11, 16, -9, 4, -22, -21, 39, 4, -5, -23, 4, 17, 18, 13, 18, 22, -3, -17, 42,
    // Neuron 12
    44, 33, 27, 25, 33, 43, 17, 30, -22, 5, 5, -15, -1, -16, -9, -21, 17, 24, 3, 7, 9, 16, -4, 32,
    // Neuron 13
    -2, 19, 25, -23, 18, -20, -20, 4, -1, -7, 8, -15, -13, 13, -19, 23, -23, -25, -20, -9, -18, -25, -8, -24,
    // Neuron 14
    28, -39, -22, -7, -4, 19, 12, -32, 8, 10, 16, -6, -2, 38, 46, 37, 40, 3, 17, 30, -1, 5, 21, -12,
    // Neuron 15
    -4, -42, -37, -21, -16, 17, 10, -8, 45, 46, 26, 0, 32, 45, 16, 43, -11, 2, 32, 18, 13, 16, 27, -41,
    // Neuron 16
    -12, 0, -6, -14, -13, 18, 14, 23, -19, -20, -15, -13, -6, -10, 8, -13, 19, 4, -23, 3, -19, 12, -25, -13,
    // Neuron 17
    8, 12, 7, 1, 38, 37, 28, 40, -29, 4, 9, -23, 12, -10, -3, 3, 8, 12, 19, 7, 4, -3, -22, 27,
    // Neuron 18
    -2, 32, -5, 28, -11, -1, 41, -42, 22, 22, 2, -6, -44, 7, 23, 9, 39, 14, 17, -13, -7, -12, 9, 36,
    // Neuron 19
    11, -4, 21, -12, 43, 34, -7, 36, -24, -20, -13, 37, 34, 2, 15, 1, -30, 13, 31, 10, 40, 26, 7, 2,
    // Neuron 20
    -14, 16, -26, 8, -18, 16, -3, 9, 7, 13, -5, 15, 13, -17, -26, -30, -7, 0, -17, 9, -31, -12, 2, 11,
    // Neuron 21
    -10, 0, 19, 14, 45, 11, 31, 30, 2, 12, 23, 28, 18, 10, 18, 30, 34, 19, 45, 29, 17, 6, 35, 24,
    // Neuron 22
    42, 16, 38, -6, 1, 20, 13, 2, -1, -26, 10, -23, -28, -10, -12, -1, 20, -7, 22, -9, -2, 0, 14, 41,
    // Neuron 23
    -16, -13, -6, -4, 21, -23, -24, 22, 3, -13, -33, 28, 27, -26, 15, -2, -4, 16, 11, 40, 36, 23, 18, -17,
    // Neuron 24
    3, -24, -25, -20, -12, 19, 20, 16, 15, 7, -6, -10, -16, -8, -18, 11, 15, 22, -19, 6, -18, -11, -9, 19,
    // Neuron 25
    -1, 0, 8, -12, 2, -15, 2, 25, -19, 1, -15, 25, 31, -35, -20, -7, -22, 22, 22, 34, 19, 22, -11, 17,
    // Neuron 26
    19, 39, 8, 36, 27, 18, -15, 43, -6, -25, 9, -13, 0, -15, 8, 10, -10, 10, 35, 9, 31, -8, -18, 36,
    // Neuron 27
    -32, -18, 8, -10, 47, -1, 9, 42, -12, -6, 4, 23, 16, -17, -8, 27, -9, 25, 13, 19, 24, 11, -10, 7,
    // Neuron 28
    20, 39, -2, 41, 8, 2, 34, 14, 16, -43, -37, -24, -15, -26, -32, 1, 15, 0, -1, -6, -5, -14, 31, 14,
    // Neuron 29
    11, -14, 25, 26, 5, -10, 26, 39, 2, 21, -3, 36, -7, -13, 23, -5, 14, 30, 28, 30, 32, 32, 18, 13,
    // Neuron 30
    16, 9, -1, 33, -13, 14, 35, -19, 23, 27, 36, -28, -18, 39, 8, 18, 4, -5, 9, -33, -12, 18, 19, 12,
    // Neuron 31
    -26, -1, -10, -15, 41, 15, -32, 28, 22, -22, -23, 32, 23, -26, 23, 7, -31, 38, -4, 26, 24, -8, 9, 7,
    // Neuron 32
    27, 42, 3, 37, -2, 18, 18, 9, -23, 3, -27, 5, 4, -11, -32, -25, 32, -10, 26, -26, 29, 1, 9, 9,
    // Neuron 33
    -30, -26, -16, -12, 18, -20, -10, 5, -2, -16, -24, 35, 5, -27, -7, 26, -45, 4, 29, 9, 37, 11, -4, -4,
    // Neuron 34
    32, 13, 25, 5, -10, 10, -6, -26, -9, -45, -25, -41, -28, -27, 5, -22, 43, 28, 16, 2, 7, 3, 27, 39,
    // Neuron 35
    0, 41, 37, 12, 37, 3, -8, 44, -14, -40, 7, -11, 10, 8, -29, 31, 33, 29, -1, 9, -6, -5, 0, 8,
];

/// Layer 1 biases: [36]
const B1: &[i32] = &[
    -1, 4, 40, -4, 31, 25, 20, -17, 26, -10, 20, -6, -15, -5, 7, 37, 14, 12, -1, 18, -2, 20, 14, -13, -23, 10, -9, 35, 16, 24, 10, 6, -5, 39, 9, 3,
];

/// Layer 2 weights: [36 hidden neurons, 36 neurons from layer 1]
const W2: &[i32] = &[
    // Neuron 0
    10, 24, -30, 1, 38, -2, 2, -16, -2, 17, -34, 20, 34, -15, -20, -28, -17, 8, 3, -14, -4, 9, 0, -28, 17, -27, -16, 12, 24, 11, 32, -29, 0, -11, 19, 22,
    // Neuron 1
    9, 3, -6, 1, -18, -3, 18, -4, -3, 13, 4, -12, 15, -10, 11, 9, -9, -22, 16, -12, 19, -1, 2, 4, -18, -10, 7, 7, 15, -17, -17, -21, -3, 1, 15, -9,
    // Neuron 2
    -2, -4, 22, -1, 5, 8, 5, 19, 40, -32, 0, -13, 19, 14, 14, 39, 18, 14, -4, 17, -7, 2, -5, -35, -20, -2, 9, 1, -11, -1, 24, -10, -19, -10, -17, 20,
    // Neuron 3
    -18, 33, -9, 23, -27, 0, 16, -20, -25, -2, 1, 17, 2, -9, 6, 24, -7, 31, -11, 36, 10, 6, -17, 5, -11, 33, 25, 25, -29, 21, -21, 31, -25, 5, -29, 19,
    // Neuron 4
    -19, 39, 8, 23, -32, 7, 6, -12, 14, 20, 41, 19, 7, -1, -11, 29, 0, 5, -32, 21, -8, 7, -19, 9, -8, 18, 2, 38, -11, 1, -18, 35, 15, 32, -25, 9,
    // Neuron 5
    23, 10, 10, 3, 3, -12, 31, -9, -7, 4, 39, -3, 8, -14, 3, -2, 3, -12, 13, 3, -3, -16, -17, 43, -11, 20, 22, 7, -4, -21, -13, 36, 23, 24, -12, -3,
    // Neuron 6
    -8, 0, 18, 41, 12, 30, 3, 11, 2, -23, 4, -12, -22, -16, 27, 41, -20, 13, 3, 20, -3, 6, -9, 15, -12, -15, -19, 11, -34, 23, 6, -5, -10, 22, -34, -5,
    // Neuron 7
    4, 8, -9, 10, 13, -10, 7, 7, 16, 11, -7, 15, 1, 15, -4, 4, -3, 17, -8, 14, 19, -19, -1, 11, 8, -12, 15, 17, -1, -19, 18, 0, 2, -16, 19, -8,
    // Neuron 8
    34, 23, -14, 1, 6, -33, 16, -6, 5, 30, -5, 23, 32, -18, -16, 7, -16, 17, -17, -6, -24, -7, 5, 18, -4, 28, 28, 20, 15, -1, -21, -14, 28, -7, 13, 15,
    // Neuron 9
    8, -9, -17, -13, 12, -7, -8, -8, -6, -8, 2, 4, 0, 2, 19, -2, 14, 5, 8, -18, -12, -4, 8, -4, 15, 8, 12, 7, 17, 0, -11, -7, 0, -20, -11, -18,
    // Neuron 10
    25, -5, 23, -6, 33, 40, -34, 14, 37, -26, 12, -24, 0, -11, 36, 26, 5, -21, 11, -27, 13, 10, -1, 9, -14, 3, -15, 3, 14, 19, 37, 8, -26, -23, -8, -23,
    // Neuron 11
    30, 24, -1, -22, 19, -31, 18, 9, -3, 6, -25, 20, 36, -9, -2, -34, 4, 31, -10, 24, -1, 19, 19, -4, -7, -4, 30, 26, 34, 5, 11, -13, 32, -31, 14, 31,
    // Neuron 12
    -20, 6, 4, 8, 0, -11, 8, -19, -7, -5, 34, 0, 7, -18, -1, 24, -13, 36, -35, 38, -12, 34, -30, 21, 5, 11, 38, 24, -15, -1, -16, 34, -16, 29, -19, 38,
    // Neuron 13
    -5, -15, -11, 16, 2, -17, -17, -6, 2, 14, -3, -14, -5, -12, -20, 2, 10, -8, -11, 17, -13, 10, 19, -9, 16, -10, -3, -19, 6, 13, -10, -19, 11, 14, -17, -13,
    // Neuron 14
    -6, 33, -16, 21, 24, -25, 29, 2, -7, 38, -7, 25, 11, 15, -1, -22, -19, 0, 0, 12, 0, -14, 24, 12, -11, 36, -10, -3, 10, 21, -12, 32, 14, 17, 19, 15,
    // Neuron 15
    8, -5, 27, 16, 30, 17, 24, -20, 26, -2, -36, 5, 38, 20, 12, -3, 16, 26, 39, 1, 16, -6, 18, -20, -13, -16, -6, -11, 15, 0, 25, 1, 12, -28, 16, 17,
    // Neuron 16
    41, -12, 1, -26, 35, 9, -1, -10, 1, 6, -27, 22, 32, -5, 20, 5, -1, 11, 26, 6, -21, 22, 36, -29, 5, -3, 30, -27, 3, 12, 26, -23, 20, -36, 25, 22,
    // Neuron 17
    6, 11, -9, -8, 8, -3, 1, 16, -1, 33, -4, 29, 26, -10, -23, -32, 16, 17, 36, 7, 11, 13, 33, -31, -7, 2, 0, -7, 22, 29, 9, -15, 40, -5, 10, 8,
    // Neuron 18
    7, 6, -19, -8, 2, 6, -12, 19, -8, 19, -21, -19, 2, -12, 0, -9, -17, 11, 4, 17, 0, -9, 1, 3, 10, 10, 8, 20, -5, -15, 8, -17, -10, 14, -13, -15,
    // Neuron 19
    -36, 33, 19, 28, -6, 2, 34, 21, -14, 16, 32, 9, -3, -18, 10, 20, -19, -18, -21, 29, -3, 30, -39, 31, -13, 13, -3, 12, -26, 7, -28, 27, -25, 17, -17, -29,
    // Neuron 20
    2, -36, 39, 3, 21, 0, -10, -15, 21, -12, 0, -3, -22, -6, -2, 32, -21, -6, -5, 18, 0, 27, 7, -31, 10, -16, -2, 7, -10, 15, 7, -9, -14, -17, -1, 9,
    // Neuron 21
    -33, 0, 3, 26, 6, 11, -1, -8, 41, -11, 5, 17, -33, -19, 44, 40, 13, -21, 41, -22, -14, 5, -15, 25, -12, 4, -3, 4, -16, 20, 5, 6, -4, 38, -25, -18,
    // Neuron 22
    25, 9, -11, 3, -31, -15, 22, -11, -35, 10, 20, 20, 12, -10, -13, -8, 15, 16, -24, 33, -3, 25, -6, 39, 1, 7, 12, 5, -6, 28, -31, 30, 33, 17, -14, 30,
    // Neuron 23
    14, 34, -30, -21, 8, -18, 38, 2, 2, 1, -22, 34, 29, -10, -7, -6, -3, 1, -5, 4, 10, 25, 34, -31, -14, 6, 43, -7, 39, 12, 10, -33, 8, -31, 37, 29,
    // Neuron 24
    23, -1, -1, 1, 31, 13, 19, 10, 15, 14, -1, 7, 26, -2, 3, 7, 10, 0, 29, 12, -16, 0, 6, -33, -1, 2, 1, -6, 21, -13, 5, -3, 7, -8, -2, 16,
    // Neuron 25
    -6, 7, -19, -11, 4, 6, 11, -2, 14, 13, -14, 1, -5, -14, 6, -17, 2, -10, 6, -14, -8, -17, -6, 17, 2, -8, -20, 13, 3, -19, 21, 19, 10, -3, 15, 0,
    // Neuron 26
    21, -19, 26, -1, 33, 10, 25, 9, 19, 25, -20, -9, 4, 16, 30, 3, 4, -15, 34, -20, -20, 25, 34, -28, 2, -31, -18, -23, 0, 10, 18, -37, 13, -35, 30, -9,
    // Neuron 27
    -7, -21, 8, 18, -5, -10, -5, 17, -16, -14, 1, 16, 12, -17, -16, 11, -11, -6, 18, 6, 16, -18, 14, -23, -22, 16, 0, -13, -10, 9, -16, -15, -16, -1, -19, -20,
    // Neuron 28
    6, -2, 0, 17, -13, -30, 4, 8, 18, -9, 0, 1, 16, 4, 0, 1, 19, 19, -32, 38, -15, 19, 3, 18, 6, 13, 4, 36, -27, 33, -31, 5, -22, 29, -21, 8,
    // Neuron 29
    23, -15, -2, -8, 16, 11, 7, 1, 22, -6, 3, 6, -2, -4, 34, 18, -7, -34, 18, 2, 11, -3, 0, -5, -12, -8, -18, -36, 9, 9, 16, -8, -21, 3, 2, -5,
    // Neuron 30
    -4, -36, 33, -4, 16, 41, -15, 13, 28, -34, -4, -8, -19, 0, 37, 14, 17, 16, 12, 7, 10, 7, 7, -23, 12, -23, 0, 7, 4, 11, 9, -18, -24, -36, -13, 18,
    // Neuron 31
    -6, 14, 31, 36, -37, -9, 28, -19, -11, -6, 26, -6, 8, 21, 2, -5, 12, 6, -21, 5, 6, 26, -2, 28, -10, 23, 2, 37, -35, 29, -4, 21, -24, 13, -17, 6,
    // Neuron 32
    1, 23, 6, 2, -14, -21, 5, 5, -29, 36, 6, 18, 5, 6, -7, -2, 9, 0, -5, 7, 6, -5, -4, 34, 10, 29, 39, -1, 16, 16, -31, 24, 37, 35, 0, 21,
    // Neuron 33
    27, 27, -25, 18, 5, 15, 34, -8, -37, 2, 12, -1, 16, 11, -24, -16, -2, -15, 14, 15, -14, 6, 3, 24, -6, 21, 5, 14, 8, 4, 6, 10, 13, 38, 24, -9,
    // Neuron 34
    12, -18, -8, 3, 30, 28, 3, 16, -2, 0, 24, 15, -18, 0, 25, 35, -18, -36, 39, -17, -13, 10, -4, 32, -10, 13, -26, -9, 2, 2, 22, 27, -3, -4, 3, -36,
    // Neuron 35
    17, 2, 0, -14, 23, -23, 6, 6, -33, 34, 27, 21, 27, -6, -24, -35, -7, 14, -10, 13, 10, 10, 33, 26, -10, 29, 17, 6, 40, 17, -13, 4, 20, 6, 21, 36,
];

/// Layer 2 biases: [36]
const B2: &[i32] = &[
    2, -20, 9, -6, 21, -4, 24, -14, -6, -9, 21, 6, 13, -7, 3, 21, 17, 9, -18, 0, 3, 11, -9, 18, 19, -7, 14, -2, 28, 11, 27, 7, 4, 20, 19, 6,
];

/// Layer 3 (output) weights: [5 output neurons, 36 hidden neurons]
const W3: &[i32] = &[
    // Neuron 0
    -12, -13, -5, 30, 11, 18, -31, -7, 33, -15, -34, 26, 23, -3, 6, -18, -3, -9, -21, -18, -28, -38, 36, 16, -5, -4, -37, -23, 20, -3, -27, 11, 28, 5, -35, 37,
    // Neuron 1
    -10, 15, -17, 33, 17, 25, 4, 4, 1, 18, -13, -40, 21, 10, 21, -29, -27, -46, 21, 41, -23, 27, 12, -22, -24, 13, -30, -9, 13, 7, -35, 35, 21, 21, 10, -2,
    // Neuron 2
    35, -18, -31, -42, -40, 0, -40, 6, 23, -15, -19, 21, -19, 0, 31, 20, 34, 30, 1, -34, -37, -14, -15, 35, 13, 8, 27, 12, -28, 3, -33, -22, 7, 29, -7, 22,
    // Neuron 3
    -4, 12, 31, -5, 0, -29, 22, 18, -17, 2, 15, -3, 22, 4, -34, 11, 1, -6, -1, -14, 34, 8, -25, 10, 5, 6, -4, -4, 7, -3, 27, 27, -34, -13, -19, -31,
    // Neuron 4
    -5, 2, 25, -16, -42, 5, 11, 7, -9, -14, 39, -38, -19, -10, -17, 10, 25, -27, -20, -44, 10, 24, -28, -11, 2, 2, 30, -10, -29, 35, 18, -35, -29, -19, 23, -39,
];

/// Layer 3 biases: [5]
const B3: &[i32] = &[
    1, 1, -12, 13, -13,
];

// ===== End of generated code =====
